% number of cities:
20
% number of sites:
80
% cities in which respective sites are located:
13
18
11
18
17
16
13
19
1
13
9
5
10
8
7
17
13
6
11
12
6
13
15
8
18
15
14
4
7
19
10
5
11
17
12
15
3
4
7
12
18
12
5
18
19
14
6
19
1
0
19
13
17
19
1
15
19
14
9
5
10
0
18
13
3
16
4
2
19
5
11
12
8
7
0
6
16
14
9
6
% airports:
61
48
67
64
27
42
20
28
23
58
30
32
19
21
45
25
76
33
3
53
% number of trucks:
40
% locations of trucks:
46
60
43
28
15
67
59
77
59
40
3
73
29
52
2
32
57
5
70
6
46
28
66
41
54
51
25
78
76
11
16
61
53
72
43
71
36
5
71
48
% number of planes:
40
% locations of planes:
30
76
27
25
27
20
21
30
67
23
48
42
27
23
33
28
53
30
27
64
3
76
42
3
53
42
67
76
23
30
53
23
45
30
48
67
53
19
64
48
% number of packages:
200
% locations and destinations of packages:
1 48
33 54
22 39
35 27
23 60
7 43
53 21
45 55
41 22
64 75
15 68
7 48
34 52
44 53
29 57
31 24
29 10
13 27
31 49
53 37
68 60
43 52
34 34
60 37
77 29
49 55
67 17
70 13
40 65
19 50
74 61
77 46
28 62
14 42
8 18
24 72
48 27
7 35
25 35
13 0
71 7
56 0
7 56
37 11
19 79
66 45
29 3
42 6
62 76
24 51
19 17
29 58
4 56
7 40
10 35
68 5
51 19
58 67
5 77
38 52
25 2
23 8
32 59
43 45
64 1
52 28
10 42
60 54
58 77
75 31
49 77
1 63
11 60
73 9
25 55
1 65
38 52
25 17
73 20
26 25
12 41
55 9
63 39
74 9
39 3
9 7
1 6
3 28
0 39
76 51
65 34
20 9
79 66
70 38
16 42
60 37
51 49
19 7
21 72
0 52
65 64
49 21
46 73
63 31
48 77
17 33
24 54
40 58
21 45
9 76
49 35
73 77
23 51
35 32
67 75
6 8
39 23
66 1
64 78
43 5
3 38
69 19
25 26
12 77
9 41
65 55
63 4
3 29
70 52
78 74
38 31
44 53
70 9
74 0
67 38
73 22
2 3
73 10
45 53
52 76
38 38
22 26
10 31
25 35
20 36
10 11
0 49
47 51
74 16
29 16
32 12
9 50
47 42
53 59
11 73
63 17
0 1
35 79
9 18
43 38
63 39
60 30
28 62
22 33
35 21
16 29
24 36
44 26
29 51
59 47
57 45
24 27
53 73
11 78
14 47
42 56
53 70
32 72
31 58
21 64
20 20
24 69
56 34
72 44
37 8
50 37
39 76
60 18
14 33
57 35
51 23
19 67
58 40
55 34
3 51
74 50
29 74
26 37
21 34
50 19
