% number of cities:
10
% number of sites:
40
% cities in which respective sites are located:
7
3
0
7
3
3
1
1
3
2
6
6
1
4
4
6
7
6
0
9
0
3
8
2
1
6
0
7
7
6
8
5
4
3
9
1
5
9
0
1
% airports:
2
12
9
21
32
31
11
3
30
34
% number of trucks:
20
% locations of trucks:
2
33
7
22
4
25
11
38
20
24
31
13
23
16
33
38
15
4
0
19
% number of planes:
20
% locations of planes:
34
11
32
3
12
12
34
32
21
3
9
31
31
30
12
34
30
9
21
21
% number of packages:
100
% locations and destinations of packages:
22 1
27 2
17 39
25 1
9 38
27 16
13 23
38 17
24 16
31 21
18 21
12 24
15 20
37 0
34 0
38 22
28 14
15 37
38 17
13 8
20 35
8 14
1 32
9 39
34 28
14 18
19 33
33 1
28 3
26 36
1 25
6 9
39 4
28 39
7 1
18 7
2 23
1 23
12 38
22 22
10 37
5 5
26 20
3 34
20 14
8 35
30 16
6 35
28 39
14 37
4 10
31 33
10 7
16 35
32 10
29 29
20 4
26 3
19 0
22 19
1 33
18 33
32 22
16 25
16 5
35 12
23 25
18 39
6 12
35 19
4 7
2 10
25 19
14 26
30 2
15 27
16 35
36 10
32 38
0 27
30 30
18 26
14 16
6 35
25 26
37 7
5 3
14 33
31 8
8 13
8 29
34 13
30 7
35 27
29 7
7 8
11 7
28 14
28 15
35 8
