% number of cities:
30
% number of sites:
120
% cities in which respective sites are located:
12
26
26
4
16
19
2
13
20
18
6
26
22
19
12
20
18
21
7
7
9
26
17
24
2
24
0
11
3
15
4
5
28
2
29
0
1
15
8
3
1
20
10
20
11
7
15
27
11
29
11
5
25
10
29
28
25
21
15
27
18
13
6
11
26
19
23
14
4
28
28
21
13
9
19
29
15
14
13
28
12
28
17
19
4
8
27
5
16
0
29
9
27
28
0
5
21
4
0
17
24
10
20
11
11
22
5
26
17
9
12
8
8
2
23
14
17
25
23
6
% airports:
35
40
113
39
84
51
119
19
85
20
42
63
80
7
67
76
88
22
9
5
8
96
105
114
23
117
11
86
55
49
% number of trucks:
60
% locations of trucks:
41
82
36
16
33
44
42
118
101
52
14
76
86
54
104
38
9
54
9
68
20
62
40
2
12
55
111
108
18
39
59
36
23
84
26
47
39
50
17
71
68
33
13
13
67
0
38
51
4
57
27
92
35
32
68
119
72
52
41
87
% number of planes:
60
% locations of planes:
49
11
39
114
42
114
105
117
55
22
5
40
23
19
88
113
105
63
49
55
55
113
11
63
51
35
88
5
20
117
67
85
55
63
85
39
51
51
113
35
67
85
7
55
42
113
76
39
63
96
117
85
76
63
84
11
49
105
9
20
% number of packages:
300
% locations and destinations of packages:
27 14
65 12
10 44
10 53
115 50
108 66
32 112
58 79
79 111
3 10
60 50
30 71
119 24
94 69
30 48
15 52
69 93
96 41
87 39
104 115
1 9
17 114
96 34
2 67
106 56
26 8
86 61
97 96
103 114
12 106
70 61
22 66
35 56
116 59
16 17
111 39
7 7
9 51
32 36
94 85
22 26
82 94
22 7
86 8
115 119
57 93
27 117
45 60
106 71
79 40
38 62
51 89
64 106
1 78
52 46
63 67
19 46
84 44
98 47
44 27
90 107
63 17
79 17
12 9
82 69
64 81
77 53
47 79
95 112
30 35
6 7
76 69
55 110
74 100
32 0
81 59
26 51
69 50
118 34
10 46
94 111
116 103
102 101
110 85
119 5
69 106
17 9
21 83
31 114
81 89
63 31
97 81
107 4
55 26
104 116
80 61
102 103
60 14
11 92
87 74
0 108
100 27
51 95
42 17
29 106
18 4
72 41
102 63
14 34
115 97
46 83
101 3
44 8
4 33
68 7
71 58
26 7
89 75
50 69
29 12
82 37
117 117
97 75
108 61
1 117
0 96
96 110
27 36
6 97
103 43
91 8
68 22
35 80
98 65
71 27
13 64
5 103
14 8
86 104
26 89
20 62
31 71
6 95
81 36
99 52
68 72
86 106
41 74
89 94
82 17
97 42
109 94
103 55
91 113
96 18
69 22
71 13
23 28
96 116
15 59
118 61
85 19
78 60
98 18
61 60
39 111
22 8
111 97
73 57
87 70
4 88
60 81
102 46
1 72
82 13
97 92
78 22
19 35
76 90
16 43
77 72
52 36
99 77
0 62
22 45
74 39
28 65
55 29
1 4
36 31
58 26
55 48
82 66
33 119
109 75
20 103
41 44
113 51
35 24
102 25
46 59
50 37
59 58
63 13
87 109
34 72
53 104
105 50
16 3
73 32
44 0
72 66
25 90
117 104
71 3
113 97
22 10
105 119
96 18
109 24
2 19
32 0
41 68
49 57
59 62
34 31
70 69
100 45
106 103
12 88
60 79
61 83
115 56
50 42
118 106
74 118
14 49
29 25
88 72
24 76
40 60
45 8
88 81
26 72
30 59
12 112
6 20
83 43
77 68
4 104
18 7
58 72
107 36
17 21
39 75
77 33
79 55
47 0
33 53
114 33
30 97
12 58
93 82
111 114
85 105
67 19
68 40
58 33
1 92
20 52
64 5
32 74
102 98
33 71
93 83
10 24
73 91
74 41
114 119
99 25
44 23
56 54
8 57
85 38
117 13
118 60
32 62
88 24
64 57
76 114
49 40
20 1
95 43
66 97
85 16
39 2
113 115
7 41
69 98
66 45
