% number of cities:
40
% number of sites:
160
% cities in which respective sites are located:
27
12
28
39
9
13
33
17
11
14
33
8
9
29
36
20
21
26
21
25
37
32
32
11
11
15
39
16
13
5
35
25
34
37
39
36
19
8
0
10
4
4
37
2
27
24
31
23
11
37
27
39
27
36
23
30
19
35
29
10
14
12
27
16
25
32
4
12
8
35
7
20
23
7
1
37
36
19
20
6
20
29
1
9
26
3
28
9
6
39
2
15
25
15
39
13
32
26
18
27
26
1
3
19
1
23
30
35
34
29
30
17
12
18
10
27
15
23
12
29
13
26
22
0
33
23
21
15
10
24
32
9
21
11
21
34
37
20
5
31
35
11
4
36
15
24
28
11
37
18
24
39
16
28
36
37
38
6
0
35
% airports:
158
104
90
102
41
29
157
73
37
12
39
147
118
5
9
91
27
111
113
103
71
18
122
47
145
92
97
44
146
119
110
139
96
10
135
30
14
20
156
151
% number of trucks:
80
% locations of trucks:
70
102
122
50
74
121
147
128
150
75
12
63
83
73
11
19
111
7
79
69
29
116
7
116
156
92
18
9
152
19
18
55
125
148
87
10
60
103
123
123
26
114
105
149
153
85
95
40
146
81
110
144
47
46
144
47
156
24
16
59
125
67
116
18
56
90
96
135
149
144
124
33
156
85
75
137
133
14
86
22
% number of planes:
80
% locations of planes:
103
145
41
135
44
47
111
37
5
151
37
5
5
146
41
9
39
118
158
5
27
103
14
12
41
110
139
5
104
113
122
96
18
156
90
118
119
39
91
110
5
10
113
44
157
113
41
103
151
29
104
104
20
9
20
158
44
135
110
14
96
41
73
30
27
27
96
91
97
96
92
151
14
12
158
47
104
12
102
92
% number of packages:
400
% locations and destinations of packages:
103 45
54 141
69 81
137 28
4 4
96 136
80 73
153 35
106 91
40 119
106 118
133 27
81 7
20 111
55 55
159 72
126 22
43 84
122 46
71 145
87 100
57 100
35 124
78 73
46 124
146 72
158 53
153 145
71 26
60 61
61 26
132 109
5 24
10 57
29 68
72 60
20 55
31 6
60 33
152 117
89 106
65 91
68 87
73 72
28 58
13 96
146 10
83 61
128 107
94 10
114 20
43 138
51 86
51 103
21 147
84 37
33 102
131 114
121 40
40 78
110 97
29 131
54 136
74 10
131 130
38 113
98 142
3 69
63 86
39 142
35 129
51 41
133 135
63 43
38 128
100 87
66 16
59 16
151 71
83 75
12 41
131 50
108 131
99 51
99 61
51 34
1 58
43 141
46 147
157 78
72 30
131 2
30 111
46 81
82 146
78 152
3 123
130 153
158 0
93 2
36 12
103 136
77 65
85 8
133 78
130 3
74 5
2 141
69 128
20 156
84 17
128 113
143 59
31 37
87 49
143 46
54 154
41 60
87 154
85 124
26 37
108 3
16 74
77 157
120 148
84 29
140 96
78 19
43 150
153 18
34 47
80 84
95 83
109 79
123 102
54 74
43 55
130 46
69 124
96 68
141 33
77 98
124 113
66 118
76 22
17 96
1 66
90 138
116 23
68 92
125 158
34 18
94 9
145 84
125 31
109 78
53 84
37 1
130 142
119 141
17 151
2 100
85 117
73 136
124 152
89 45
56 4
103 142
158 58
4 115
128 141
152 45
73 98
42 77
29 89
8 134
64 86
74 134
156 94
93 136
96 8
119 133
101 64
21 49
141 54
2 71
137 3
13 36
158 116
27 146
74 155
106 35
143 114
141 130
89 128
145 64
125 27
19 119
21 18
103 8
76 153
95 134
87 97
157 60
72 38
135 39
67 106
61 100
61 84
150 146
83 51
119 12
68 98
105 110
144 53
14 140
13 18
69 81
60 132
108 46
117 80
57 51
152 106
157 19
125 78
57 96
28 117
85 25
33 82
65 148
151 46
75 19
23 155
26 48
37 140
39 89
136 103
28 2
153 68
20 122
101 86
144 66
156 78
111 55
92 43
48 137
66 119
55 71
5 38
28 157
80 108
142 145
38 127
120 85
88 83
32 124
62 103
47 64
61 9
22 105
44 130
115 153
91 62
22 16
48 117
157 114
39 22
42 152
104 159
27 28
117 26
127 9
11 83
75 123
72 150
9 155
15 83
113 109
152 148
54 136
104 103
36 130
85 77
84 39
61 54
120 62
142 154
147 17
3 106
142 7
146 59
104 58
107 1
99 116
69 92
0 115
105 50
83 13
149 156
83 93
159 35
62 17
29 107
13 21
95 95
106 46
6 46
150 45
158 138
23 84
138 128
130 129
54 4
116 91
70 133
28 6
22 48
8 110
157 87
28 0
148 77
20 134
145 114
109 58
60 38
14 11
133 159
115 30
65 92
122 25
150 81
111 122
67 99
23 118
38 39
47 71
109 23
96 61
107 156
143 100
55 58
31 32
119 16
33 23
92 137
45 64
124 3
9 66
125 58
66 45
90 151
20 20
150 103
61 110
62 54
82 69
109 22
129 92
49 79
3 50
65 0
25 60
154 143
106 105
13 29
95 49
89 97
10 63
37 10
41 15
114 83
120 38
54 136
115 102
33 77
16 46
55 16
140 89
126 120
26 7
156 116
96 32
118 33
139 12
12 66
54 38
38 147
95 142
40 146
5 17
28 4
72 95
13 49
154 73
117 80
97 77
144 33
19 158
147 87
80 21
