% number of cities:
50
% number of sites:
200
% cities in which respective sites are located:
13
49
46
40
8
30
47
34
28
41
45
29
32
15
20
23
29
34
22
22
13
32
2
11
23
26
42
42
44
10
19
47
19
30
25
47
17
48
3
2
5
34
23
43
42
39
25
22
48
19
8
30
42
6
22
30
32
7
3
31
21
18
27
37
15
0
11
29
35
35
16
32
0
41
10
24
28
47
19
12
42
25
32
19
9
21
21
37
12
20
47
46
48
39
9
14
15
24
2
39
27
5
20
36
43
30
1
14
45
16
22
24
38
16
37
15
27
9
23
22
16
47
22
46
31
34
23
10
44
25
24
43
48
35
17
27
31
28
0
21
8
23
14
39
20
36
1
7
40
24
35
11
8
31
39
4
34
8
12
21
46
27
10
34
4
23
10
20
45
36
40
18
9
48
0
16
12
19
46
5
4
17
33
37
9
34
36
31
5
4
41
43
3
39
44
1
6
9
16
38
% airports:
138
195
39
192
164
188
196
147
152
197
29
66
158
0
107
96
120
36
61
49
167
86
122
118
130
34
25
161
76
11
105
187
71
182
41
150
103
183
112
193
3
190
52
131
128
108
123
6
173
1
% number of trucks:
100
% locations of trucks:
64
21
91
1
130
129
23
90
164
180
147
168
151
139
73
97
64
87
30
120
28
68
8
2
129
184
112
135
166
73
174
190
52
46
190
145
78
43
70
25
121
17
68
153
191
3
173
105
51
136
171
83
15
21
47
72
12
146
79
135
74
196
38
75
4
153
181
95
89
17
61
39
113
93
11
176
108
83
61
45
20
172
25
75
61
83
182
108
196
24
170
179
30
82
103
124
78
48
88
82
% number of planes:
100
% locations of planes:
29
173
105
167
41
29
105
131
128
112
25
61
76
152
158
131
150
173
108
3
96
71
152
1
195
112
86
188
128
193
188
190
3
34
76
197
195
6
71
66
108
52
167
122
173
107
167
0
182
76
173
107
29
193
138
161
193
105
49
123
193
34
1
164
182
41
76
192
105
192
190
112
96
182
108
122
66
150
195
103
61
147
122
96
190
3
105
138
130
138
49
167
161
103
122
49
131
96
193
0
% number of packages:
500
% locations and destinations of packages:
144 68
131 118
149 40
195 107
178 111
66 16
119 131
111 125
13 134
52 173
16 112
113 121
138 82
41 118
42 101
115 181
185 150
1 4
99 169
112 125
165 15
21 188
134 59
163 179
33 165
65 39
10 184
37 32
155 9
179 67
199 77
65 77
195 84
30 169
130 106
25 43
22 127
7 1
90 125
187 78
118 62
84 77
35 76
171 1
112 169
49 89
190 45
126 88
150 144
192 50
29 194
49 127
139 22
17 83
176 35
141 29
22 100
149 137
192 187
41 119
113 29
57 160
57 136
53 176
0 119
51 145
133 137
49 123
13 157
138 13
58 87
25 76
28 19
66 89
96 189
95 162
103 73
137 0
137 88
69 3
168 40
82 56
184 195
96 85
50 25
124 34
49 27
60 25
3 180
132 37
69 163
80 11
24 88
42 59
0 49
186 124
88 135
45 18
5 168
91 32
123 181
38 71
65 61
113 75
12 111
196 156
156 31
133 4
159 71
32 96
152 36
84 0
38 199
146 114
182 42
20 35
88 99
114 87
124 9
146 162
175 166
47 88
53 30
168 56
1 40
58 133
135 195
79 87
96 38
32 65
114 198
93 170
91 160
67 56
117 45
79 149
125 69
120 186
189 196
147 7
31 89
112 142
183 86
99 92
19 27
190 86
176 80
47 176
73 76
196 92
162 111
138 156
160 109
8 65
75 93
97 100
90 25
34 25
85 151
186 5
61 174
37 90
54 193
172 44
21 143
113 112
199 54
45 119
150 156
181 74
78 33
17 125
129 90
196 151
46 22
91 122
90 191
31 187
74 48
101 167
136 163
44 131
180 185
100 35
180 114
74 128
169 112
127 27
157 111
161 164
196 21
198 199
52 190
22 8
23 57
44 102
55 14
138 114
189 85
145 143
189 160
171 131
148 162
152 177
63 4
30 163
86 137
170 115
165 44
79 189
163 92
12 122
70 172
73 155
174 12
37 71
166 17
174 36
49 66
51 89
37 44
144 18
27 81
15 118
43 22
149 144
6 155
180 97
147 48
61 176
89 197
3 51
167 158
197 69
162 134
65 98
193 189
152 119
147 193
95 188
156 154
111 151
63 92
65 10
37 77
88 0
5 75
0 40
40 93
51 68
84 146
156 109
156 50
151 16
3 61
149 153
153 72
19 134
85 52
188 74
92 186
31 84
45 64
93 118
189 112
78 54
142 26
103 9
198 2
194 12
141 49
7 175
127 134
47 132
55 65
154 188
105 176
176 98
114 71
63 91
157 32
26 91
183 95
11 126
169 9
136 82
57 175
133 42
178 55
157 111
17 160
63 123
157 89
148 165
50 5
94 126
139 102
54 109
22 116
192 31
122 121
163 45
129 71
130 129
43 133
119 59
114 151
74 197
168 103
133 93
146 46
76 163
115 9
143 155
121 24
19 62
62 125
188 95
196 17
193 86
158 19
121 116
85 35
12 187
27 57
140 119
183 99
84 75
45 199
130 119
127 175
7 19
114 57
196 188
163 178
0 150
109 46
134 127
124 159
78 79
197 155
127 64
84 100
78 163
40 112
50 197
87 73
158 183
12 102
2 28
39 23
24 48
57 189
9 136
165 157
151 85
121 51
122 172
48 143
135 13
178 33
148 50
128 3
63 35
88 151
114 22
157 50
40 174
131 78
7 94
90 142
197 83
161 165
75 35
151 186
134 68
167 188
49 6
75 173
120 53
125 173
48 14
42 128
127 71
11 147
40 170
136 40
122 36
35 64
89 162
127 27
84 101
16 46
54 169
0 33
99 158
157 153
168 117
93 183
40 32
38 4
24 3
145 163
132 127
66 13
171 10
84 157
126 98
89 146
197 196
74 158
70 177
47 82
13 183
71 5
142 51
23 56
124 123
2 80
155 52
114 127
102 187
62 89
73 199
26 70
28 146
185 44
158 79
133 47
156 62
150 148
55 61
70 119
186 27
33 3
95 8
191 145
82 146
55 83
114 158
8 13
156 1
176 195
66 179
97 44
190 155
124 93
101 165
72 41
116 143
102 46
166 23
174 19
155 40
162 12
24 49
132 197
54 137
191 53
84 75
53 7
130 188
12 139
84 98
43 116
74 13
166 171
56 162
47 133
26 157
39 25
16 85
20 140
23 127
38 164
174 18
157 41
90 95
115 177
10 34
134 57
197 46
137 10
83 161
140 91
90 58
27 126
35 27
190 44
167 72
116 157
59 78
141 56
56 125
81 161
46 69
122 191
22 181
27 170
148 10
