% number of cities:
8
% number of sites:
48
% cities in which respective sites are located:
7
1
4
1
5
4
6
2
3
2
0
1
7
2
6
7
5
1
4
7
5
0
3
0
3
1
0
0
3
3
0
4
3
6
3
3
2
2
2
7
1
4
7
6
5
2
4
0
% airports:
23
3
38
22
5
4
6
0
% number of trucks:
96
% locations of trucks:
24
41
28
47
47
14
6
36
5
12
38
31
11
30
14
23
22
19
22
34
19
17
15
43
26
21
23
35
10
14
0
22
15
25
6
18
36
41
43
27
22
12
6
11
5
44
17
36
31
47
15
41
42
8
17
10
13
24
0
6
43
35
34
46
19
0
7
13
21
10
13
16
45
32
15
21
32
20
14
6
17
32
32
31
47
19
45
46
34
15
46
46
14
9
46
46
% number of planes:
16
% locations of planes:
23
6
38
4
23
3
3
22
3
5
0
38
0
5
4
3
% number of packages:
80
% locations and destinations of packages:
39 18
7 42
19 22
26 1
39 12
1 25
8 29
16 26
29 4
10 10
31 20
35 37
8 34
17 38
0 22
12 3
38 5
3 21
27 35
23 28
9 13
43 36
6 33
11 27
8 21
32 37
16 23
24 19
31 18
34 33
5 35
1 17
0 46
35 3
26 42
46 41
29 30
0 17
24 47
30 22
22 37
29 27
37 22
34 14
28 32
38 8
0 37
23 21
12 26
36 8
46 7
1 14
23 38
7 34
23 7
42 31
36 12
10 16
6 22
27 25
11 20
22 42
3 37
41 39
6 26
5 46
11 22
23 15
35 15
4 47
14 0
39 21
37 6
20 36
27 7
15 38
46 10
44 26
33 7
10 33
