% number of cities:
50
% number of sites:
200
% cities in which respective sites are located:
34
22
4
38
27
30
33
32
28
5
46
32
42
16
37
8
9
31
37
9
12
9
5
40
28
44
44
22
26
23
0
13
0
3
49
3
47
45
15
0
18
44
36
30
11
47
39
25
8
9
24
4
7
41
22
15
17
10
15
42
40
38
35
18
1
0
27
13
2
13
36
27
18
10
6
24
26
18
49
21
25
10
8
32
37
18
3
35
45
48
34
30
39
0
21
13
49
40
33
6
19
8
38
22
10
3
7
14
25
18
11
43
6
6
16
16
24
19
38
42
23
19
35
43
15
49
11
49
49
10
30
17
0
42
9
47
45
24
29
11
14
26
2
31
0
43
26
0
35
0
35
46
20
31
7
17
27
45
1
44
49
9
18
26
24
21
46
37
42
6
16
10
19
4
14
26
14
24
48
29
34
16
2
19
1
9
39
24
48
32
21
42
2
0
17
40
40
17
3
6
% airports:
32
158
182
86
51
22
199
106
15
49
129
110
20
69
174
55
170
131
72
121
152
79
103
120
75
80
141
4
8
138
5
143
83
6
180
122
70
14
61
46
23
53
119
123
25
37
151
135
178
160
% number of trucks:
100
% locations of trucks:
104
44
11
177
159
71
168
158
169
169
6
63
91
70
85
144
1
101
158
192
24
103
72
156
154
194
53
22
198
38
188
100
78
39
96
136
3
157
84
0
193
100
170
186
143
161
150
20
178
45
181
18
14
33
151
68
94
157
158
67
102
161
20
13
68
48
52
51
161
147
93
19
67
49
98
56
70
198
152
68
140
137
109
20
138
137
42
175
29
47
65
142
123
126
101
168
119
60
122
110
% number of planes:
100
% locations of planes:
120
143
25
110
32
123
141
158
22
182
61
135
4
49
178
138
8
70
110
53
5
143
106
53
160
51
106
22
75
23
122
122
121
170
143
79
141
158
72
69
20
106
70
135
14
53
49
106
72
53
75
119
75
25
70
119
120
86
20
151
70
79
4
55
131
182
4
110
8
141
182
4
131
178
138
120
37
129
51
15
37
160
70
6
55
123
110
80
5
46
178
120
46
103
4
23
5
79
5
122
% number of packages:
500
% locations and destinations of packages:
54 190
118 168
153 189
100 105
60 50
187 52
196 15
4 145
139 176
197 96
164 9
125 154
112 118
150 179
84 152
174 95
120 75
178 190
80 176
178 74
72 140
40 69
169 141
96 143
84 162
24 143
87 24
175 45
64 163
55 34
38 120
21 107
76 92
132 120
36 13
65 162
197 122
24 24
168 56
185 171
21 6
95 121
128 30
7 95
100 133
126 116
120 143
35 152
118 133
193 76
9 175
107 70
96 61
145 164
0 151
76 8
178 84
13 32
25 99
178 46
84 36
20 102
87 149
41 53
86 71
105 35
62 108
162 45
99 24
24 67
84 43
94 149
56 118
137 36
130 3
126 18
154 147
191 172
155 4
183 147
19 91
77 128
45 41
145 69
121 167
133 0
74 111
161 41
141 70
45 168
11 5
123 83
145 86
80 115
116 190
89 94
41 77
47 192
165 166
103 15
173 68
115 163
70 126
143 43
186 150
30 84
159 14
136 14
168 194
183 158
161 29
152 131
77 39
159 197
63 168
76 175
166 30
195 143
89 160
13 19
142 37
129 166
159 5
134 26
140 33
24 171
182 145
54 143
115 183
85 30
166 146
179 17
73 55
117 129
18 193
124 8
180 164
15 123
100 186
172 72
104 132
56 30
144 104
192 21
175 52
27 106
74 182
52 196
58 111
92 104
87 5
8 147
108 15
190 18
130 130
42 129
11 13
126 33
89 148
73 169
62 96
153 165
165 18
133 197
111 18
65 188
93 67
184 98
124 108
122 128
113 173
91 45
9 97
94 61
56 18
107 110
38 123
41 191
52 42
181 89
82 193
106 111
65 54
36 143
28 27
109 180
25 145
55 88
4 107
156 68
124 72
141 93
111 155
150 169
26 193
46 82
127 33
46 120
67 180
180 155
61 150
32 28
109 126
84 92
68 152
186 144
86 113
165 9
52 13
199 110
104 66
117 34
181 27
53 192
99 134
21 24
127 0
6 173
39 112
183 184
70 57
101 73
7 101
195 13
68 36
68 53
180 69
50 195
33 198
47 82
73 92
193 134
130 161
16 85
107 191
169 139
30 15
39 47
164 43
26 79
31 39
124 62
65 168
44 57
149 11
140 41
64 101
111 177
63 167
143 46
84 110
106 76
67 128
23 165
30 3
30 190
171 168
50 33
168 130
68 162
116 159
135 96
50 128
75 128
103 62
183 197
100 180
194 121
133 47
195 136
144 79
27 146
180 150
69 95
50 77
9 133
99 180
129 125
174 10
25 138
53 94
61 167
20 33
90 191
174 129
99 120
135 131
17 37
131 189
115 100
58 179
77 26
52 50
98 119
50 68
146 123
21 56
83 50
18 59
125 147
60 77
121 121
177 88
197 167
162 92
194 185
94 125
79 73
16 35
115 170
134 170
141 105
182 176
99 78
47 167
18 71
63 167
40 180
57 156
48 164
52 130
156 157
73 161
28 96
176 10
33 183
144 155
12 89
136 16
139 1
189 119
120 195
73 123
121 126
84 99
15 60
186 151
117 4
14 183
31 20
147 2
101 37
134 35
126 107
155 151
44 41
17 46
174 132
10 161
83 150
39 101
11 77
194 173
196 193
37 8
75 153
184 118
53 186
18 82
61 38
196 14
171 133
54 173
42 140
176 185
194 52
99 81
181 45
191 23
42 161
39 133
69 147
75 90
57 99
192 188
114 127
100 45
153 25
130 78
22 20
130 56
17 52
13 22
53 102
136 8
195 194
40 99
198 63
144 24
58 164
116 143
147 188
70 67
152 53
127 155
115 112
1 21
31 182
115 17
133 52
36 155
162 184
192 120
86 0
47 90
81 106
20 58
104 186
109 29
182 146
70 0
174 180
93 82
193 18
68 15
147 126
90 5
127 161
181 162
195 150
180 151
6 37
74 8
92 142
117 44
73 86
35 186
182 36
180 181
91 110
127 68
131 31
142 154
15 14
131 142
5 146
33 32
166 118
194 136
106 84
189 50
100 24
141 60
91 104
23 90
181 199
70 84
22 111
20 174
95 120
193 78
10 174
38 126
53 3
19 64
42 43
75 7
121 76
167 107
89 81
62 111
191 41
161 5
76 148
9 55
98 19
41 186
90 111
39 126
185 15
7 88
84 159
47 137
124 63
163 146
143 113
84 14
57 82
86 169
12 32
50 104
193 164
165 23
2 89
117 9
36 41
121 74
73 174
26 32
193 24
81 12
185 63
111 185
134 26
128 8
24 70
113 152
164 103
94 120
193 24
