% number of cities:
8
% number of sites:
64
% cities in which respective sites are located:
1
4
4
4
3
3
3
2
4
2
7
5
5
4
3
3
0
3
1
0
6
4
2
1
4
2
4
5
7
6
0
7
4
2
6
3
6
1
1
1
3
6
5
4
4
7
5
4
2
1
2
4
7
2
3
0
5
2
6
7
0
4
4
1
% airports:
55
39
57
54
24
46
58
10
% number of trucks:
128
% locations of trucks:
44
4
38
49
49
48
37
32
0
16
49
15
38
31
42
17
33
45
46
3
33
28
40
51
21
24
55
51
48
50
61
23
28
60
14
33
9
43
62
26
18
26
31
37
33
8
60
58
42
10
33
62
35
4
57
10
28
29
16
0
17
59
47
8
53
45
13
11
58
57
51
20
40
6
35
43
16
53
3
29
27
55
30
42
16
49
53
45
25
46
0
59
33
29
29
6
59
33
30
26
42
10
42
11
38
9
17
17
30
22
59
13
2
2
6
55
35
58
49
43
40
61
55
7
43
47
36
34
% number of planes:
16
% locations of planes:
39
54
58
10
24
58
46
55
39
24
55
46
55
39
46
58
% number of packages:
80
% locations and destinations of packages:
38 55
26 10
3 12
21 24
11 52
46 57
1 8
49 7
6 38
58 6
43 26
60 17
27 38
33 43
26 17
53 45
15 39
55 43
1 55
46 0
2 29
48 48
2 48
5 6
48 0
38 28
19 37
5 11
58 8
47 28
43 42
62 58
63 0
41 25
17 6
6 14
56 57
3 13
41 12
14 42
33 26
59 26
42 24
26 41
33 43
48 56
8 17
21 24
31 54
49 1
6 44
53 41
57 23
35 25
33 55
33 46
57 4
59 16
47 36
15 38
38 63
55 38
21 13
6 38
35 43
46 50
27 13
35 53
37 17
32 19
53 1
8 42
9 2
62 3
22 5
40 58
39 10
27 6
52 15
20 44
