% number of cities:
8
% number of sites:
32
% cities in which respective sites are located:
2
4
0
0
7
4
1
7
7
7
3
4
0
7
0
2
5
5
0
3
2
6
5
3
0
6
0
3
1
0
5
4
% airports:
18
6
0
27
11
17
25
9
% number of trucks:
64
% locations of trucks:
31
6
17
13
15
27
2
21
18
15
31
8
30
13
30
25
21
30
27
28
26
6
4
15
31
9
4
2
15
21
31
1
22
6
14
25
23
26
30
30
30
17
13
26
24
21
29
14
24
18
24
28
8
11
5
5
16
20
16
5
22
7
31
13
% number of planes:
16
% locations of planes:
0
11
11
9
9
9
27
6
18
0
9
17
11
6
17
9
% number of packages:
80
% locations and destinations of packages:
31 11
19 5
13 28
8 11
28 10
12 24
6 30
28 5
2 6
23 13
30 13
29 12
0 25
22 11
7 28
6 31
10 11
26 12
17 19
26 14
9 4
0 18
18 22
0 1
14 24
20 10
15 7
0 17
14 7
4 20
5 29
3 0
4 13
14 26
4 15
19 14
11 8
4 25
13 11
26 10
25 21
28 15
8 27
16 2
11 8
30 9
14 6
9 12
0 0
13 4
8 5
29 31
4 5
31 6
3 6
4 3
13 26
26 16
0 20
23 9
29 11
15 27
17 9
0 4
31 23
25 12
29 21
2 19
23 29
11 2
28 9
30 4
4 26
28 20
11 25
12 12
8 4
7 28
22 2
13 26
