% number of cities:
10
% number of sites:
40
% cities in which respective sites are located:
6
6
8
3
1
8
1
3
5
9
2
7
6
2
4
5
3
7
6
0
0
9
5
2
9
0
6
3
4
3
2
8
3
8
8
1
9
8
0
3
% airports:
20
35
10
29
28
8
0
11
2
9
% number of trucks:
20
% locations of trucks:
18
20
35
7
25
30
8
25
26
31
36
23
1
3
22
28
32
29
29
11
% number of planes:
20
% locations of planes:
29
10
2
20
10
29
9
29
20
28
9
10
35
28
11
20
28
20
20
10
% number of packages:
100
% locations and destinations of packages:
4 25
28 13
5 33
2 36
14 17
7 32
18 9
2 30
13 22
30 26
27 28
5 18
31 15
18 4
2 24
6 29
26 29
20 30
22 20
34 17
10 2
38 25
10 5
29 35
16 39
27 37
11 16
21 15
19 9
22 30
14 37
34 29
10 18
6 29
29 12
8 33
28 12
15 25
30 20
8 25
25 22
28 2
36 9
17 10
7 4
10 12
38 3
2 13
7 9
14 31
39 0
6 4
31 34
8 38
0 36
25 39
1 36
5 32
9 31
33 1
0 35
21 24
1 35
35 24
9 2
17 20
5 17
26 24
15 24
11 2
0 19
10 11
18 11
11 1
38 10
3 16
16 13
30 3
18 21
2 35
39 24
28 37
18 4
33 24
10 20
16 25
20 31
0 21
25 9
5 29
23 33
25 39
38 1
4 32
27 22
5 34
21 15
2 16
31 12
33 13
