% number of cities:
7
% number of sites:
56
% cities in which respective sites are located:
6
1
0
0
1
3
4
0
0
2
1
5
4
1
1
2
3
3
2
5
4
5
3
3
0
3
0
2
1
0
3
4
6
0
1
3
0
5
6
0
6
4
2
0
1
2
5
6
1
1
3
0
6
2
5
2
% airports:
3
10
27
50
31
11
0
% number of trucks:
112
% locations of trucks:
46
17
13
5
50
14
16
51
45
17
18
47
27
3
23
3
54
5
25
18
42
49
26
53
5
19
22
38
42
26
25
19
0
45
45
34
5
38
38
50
23
37
5
47
31
9
45
12
5
33
14
12
2
37
47
5
8
55
8
54
52
16
3
37
23
9
43
30
5
29
30
32
21
34
8
21
5
41
25
52
5
43
15
21
12
1
7
52
15
32
9
47
54
51
15
4
54
14
18
34
52
40
41
15
8
2
13
0
43
4
53
25
% number of planes:
14
% locations of planes:
50
0
31
11
3
10
3
3
0
27
3
10
50
3
% number of packages:
70
% locations and destinations of packages:
50 6
7 38
1 10
52 31
32 51
20 26
13 29
13 41
15 16
8 9
25 22
6 29
16 7
11 3
50 38
25 1
39 22
35 30
14 22
10 29
47 53
21 36
20 32
50 29
49 7
4 41
3 16
31 27
55 33
21 50
54 48
37 49
26 18
42 46
50 38
26 49
5 35
18 27
0 26
8 40
12 38
9 42
34 40
53 23
47 7
31 36
0 16
31 54
15 28
9 2
45 3
35 10
36 11
35 24
53 4
27 28
25 37
37 15
39 50
14 42
21 19
55 42
7 45
48 45
3 19
12 28
16 6
51 9
2 55
5 23
