% number of cities:
6
% number of sites:
48
% cities in which respective sites are located:
0
2
5
2
2
1
4
4
3
0
3
3
2
5
4
1
2
2
3
3
4
5
5
0
3
5
3
5
2
3
0
3
1
2
1
0
1
2
5
1
1
5
4
4
0
5
5
0
% airports:
9
34
12
8
43
41
% number of trucks:
96
% locations of trucks:
24
8
16
0
35
47
41
18
15
44
29
13
44
16
16
16
26
5
46
22
27
6
2
36
20
0
34
29
15
21
9
43
1
47
10
19
41
45
9
40
32
28
14
32
24
23
17
26
44
7
37
40
38
9
10
38
15
40
27
13
33
33
32
45
4
4
23
20
23
1
42
19
36
2
13
8
16
7
7
4
14
37
20
36
12
1
3
39
33
35
39
7
39
36
6
41
% number of planes:
12
% locations of planes:
12
43
9
41
9
8
34
41
43
12
41
34
% number of packages:
60
% locations and destinations of packages:
2 47
24 11
27 37
13 8
26 33
10 46
29 11
8 37
22 44
34 46
47 16
30 14
45 39
33 11
20 9
41 36
22 23
33 33
42 32
35 39
7 9
6 32
22 2
12 40
19 26
25 38
30 43
15 33
17 9
14 35
3 2
36 17
40 22
24 6
25 22
42 37
9 43
39 38
10 45
39 42
26 41
39 41
32 2
6 27
7 47
15 33
17 47
35 4
21 36
40 0
26 6
14 44
31 35
29 34
3 24
22 20
17 19
8 10
10 42
33 37
