% number of cities:
40
% number of sites:
160
% cities in which respective sites are located:
25
39
31
28
10
16
20
4
9
38
4
36
3
17
33
11
8
22
34
10
21
1
34
26
36
6
3
9
35
12
27
8
26
15
34
0
30
10
14
22
24
14
18
36
9
21
24
33
20
30
25
35
2
20
38
39
10
33
28
28
37
11
22
33
27
2
19
18
38
32
13
30
5
11
30
29
9
33
20
0
16
27
4
16
13
2
23
24
10
35
14
32
14
10
8
0
1
10
9
17
38
20
13
7
37
0
21
21
22
2
27
13
7
26
2
24
34
23
8
9
16
9
25
37
27
38
30
13
9
1
24
36
23
34
9
7
30
5
20
34
26
35
20
28
29
20
8
27
14
25
28
22
27
34
34
12
27
31
26
11
% airports:
35
129
114
26
7
137
25
135
94
8
56
73
29
102
92
33
5
13
67
66
48
107
17
86
115
50
158
81
150
144
126
157
91
47
133
141
11
123
100
55
% number of trucks:
80
% locations of trucks:
27
105
2
17
99
17
1
17
137
81
144
110
92
62
1
25
105
48
148
119
67
45
140
56
92
2
93
96
66
26
129
136
37
141
1
96
49
85
33
0
129
92
150
10
113
141
7
120
118
29
155
73
141
13
141
50
102
62
120
51
53
86
125
103
91
158
125
86
34
11
113
123
94
148
49
137
56
47
3
115
% number of planes:
80
% locations of planes:
8
81
55
94
17
115
55
29
86
91
81
135
144
94
115
29
141
102
115
29
7
94
133
47
81
17
123
26
100
5
11
50
17
86
56
86
91
129
29
25
91
86
126
11
92
158
35
157
102
11
55
126
129
81
67
35
47
137
48
35
158
141
92
135
11
129
115
25
123
35
66
133
35
67
48
107
67
123
66
129
% number of packages:
400
% locations and destinations of packages:
87 25
120 5
67 23
97 140
18 39
120 106
82 49
79 148
34 92
1 52
5 138
134 52
69 20
120 93
29 149
90 142
106 75
73 81
20 52
121 122
67 118
5 110
41 130
53 113
153 92
50 139
149 24
0 108
51 68
95 47
62 4
111 29
108 138
0 7
135 157
128 142
130 38
144 47
133 23
10 99
126 6
100 96
98 111
152 81
74 125
29 111
116 74
59 63
6 136
1 63
130 46
137 155
124 68
9 110
40 113
135 27
58 156
80 55
63 14
90 157
145 78
92 10
127 16
25 56
139 80
40 156
21 107
129 80
29 104
132 30
101 42
41 121
150 2
53 120
153 3
159 152
46 3
77 51
114 126
27 107
42 113
131 119
72 138
5 110
27 0
26 119
42 59
56 103
37 130
20 125
123 64
62 135
81 48
110 18
30 77
126 62
76 24
147 148
71 81
48 11
156 102
93 153
137 40
109 146
107 134
14 143
106 62
144 138
50 155
38 24
28 147
80 109
34 123
43 18
71 67
32 115
81 8
129 20
130 68
157 40
98 123
70 56
63 142
115 14
39 9
97 75
42 24
143 8
22 144
119 13
157 91
75 40
101 58
62 97
93 123
7 142
157 157
85 65
77 24
46 51
8 29
138 62
129 116
72 57
25 120
157 146
109 144
43 7
48 30
114 4
80 18
80 75
1 115
77 44
98 77
91 158
97 67
5 127
112 12
70 145
145 4
71 132
125 20
32 13
113 78
17 47
69 42
131 149
108 62
60 14
39 28
118 107
29 159
48 41
138 76
55 35
120 129
18 75
106 108
110 140
83 63
90 20
60 44
88 55
95 15
19 49
112 55
105 117
45 124
102 126
132 150
35 37
22 141
87 100
23 56
43 159
112 79
91 135
97 98
47 145
70 152
106 122
56 6
83 64
23 60
29 142
5 143
8 92
28 52
157 79
117 148
32 38
131 19
96 32
124 130
20 107
76 117
56 139
44 72
141 16
58 22
77 122
27 61
154 129
70 158
106 44
100 128
28 82
120 67
151 36
69 50
99 52
40 81
65 47
87 29
48 116
71 141
20 94
70 69
11 70
25 127
122 125
23 136
6 108
89 133
18 136
81 104
107 8
83 24
82 105
156 106
41 40
110 150
132 119
107 94
11 51
55 81
11 101
88 133
29 63
74 116
118 113
11 71
35 126
34 11
11 46
146 65
73 78
85 81
15 33
3 47
0 155
122 127
80 159
93 5
80 109
155 18
31 39
147 87
29 39
114 6
85 95
82 125
64 150
7 92
15 7
118 155
60 26
116 123
151 43
150 35
32 28
91 61
51 128
34 33
91 158
51 136
79 157
122 64
72 157
63 90
152 1
149 73
151 159
118 4
83 23
96 145
48 78
133 56
4 21
73 95
115 133
0 17
115 141
76 63
64 51
51 154
140 59
43 31
39 18
70 51
10 30
110 67
61 65
87 0
23 66
60 50
83 127
134 19
0 131
117 9
83 54
100 32
132 102
5 149
35 102
16 145
110 22
85 85
23 93
115 50
54 76
40 157
150 0
70 12
84 23
30 67
61 61
128 115
90 77
95 119
59 98
124 80
50 75
99 60
41 49
155 66
15 67
114 7
14 102
41 131
31 152
64 11
71 108
84 49
54 130
155 105
158 155
150 116
111 119
107 75
60 9
130 35
28 123
52 154
106 121
100 147
36 123
88 67
34 112
8 101
151 49
6 71
54 50
68 20
76 158
55 55
155 126
70 21
21 28
143 107
56 89
103 93
30 7
69 35
67 83
82 159
110 5
84 11
3 59
