% number of cities:
20
% number of sites:
80
% cities in which respective sites are located:
1
10
11
6
15
17
0
3
10
18
6
19
10
4
10
17
19
9
17
5
14
11
1
4
12
2
11
10
0
5
3
10
3
8
7
1
4
3
10
2
2
1
11
0
15
0
13
14
19
0
5
13
18
8
2
3
16
19
6
1
6
15
6
0
3
7
11
3
2
9
15
11
5
17
0
16
5
2
1
8
% airports:
49
35
77
64
13
29
10
34
53
69
12
21
24
46
47
4
75
5
52
48
% number of trucks:
40
% locations of trucks:
46
1
24
30
17
43
47
79
64
61
44
69
15
0
69
7
11
76
40
56
58
9
31
39
65
71
61
66
77
37
23
60
72
73
1
73
46
77
73
29
% number of planes:
40
% locations of planes:
52
46
77
29
49
69
52
47
77
13
53
69
47
47
77
29
35
12
49
77
29
75
48
75
35
13
10
21
47
10
34
13
4
52
35
21
47
49
64
52
% number of packages:
200
% locations and destinations of packages:
77 48
23 46
37 17
15 61
51 77
76 46
14 47
52 7
56 25
17 63
14 28
78 60
66 17
52 63
53 44
43 3
30 8
11 52
41 31
28 67
3 43
74 61
31 64
3 16
19 77
69 32
64 28
59 49
49 42
60 19
45 32
8 6
34 73
16 5
35 0
46 25
76 29
60 51
33 17
28 1
14 36
44 55
54 10
18 1
28 42
2 78
50 9
22 51
34 67
27 38
48 78
61 19
31 44
35 34
47 7
16 32
14 58
5 9
67 32
32 23
54 14
56 73
77 47
55 66
6 9
16 45
70 70
33 16
54 25
24 10
54 64
33 20
26 50
64 71
4 13
63 2
35 3
63 33
21 67
21 63
68 48
27 38
70 50
42 23
25 68
34 42
7 22
48 70
60 35
47 27
63 63
62 73
26 14
10 66
6 0
74 66
3 41
21 5
36 75
29 55
7 40
46 15
59 20
75 12
35 73
52 65
20 73
0 5
66 34
12 56
40 56
16 24
73 47
38 46
1 42
33 65
5 71
19 22
16 46
14 6
18 77
30 13
27 9
46 10
40 15
19 2
63 53
14 31
24 21
21 11
61 28
11 72
40 67
59 28
53 57
68 20
20 5
38 42
25 3
77 64
1 28
5 65
23 30
1 32
56 68
78 75
24 2
24 69
66 38
52 39
29 17
36 63
26 79
62 57
14 52
6 20
24 37
10 33
23 25
49 9
66 27
51 65
59 73
75 17
61 48
56 66
31 37
35 63
71 22
39 24
47 24
17 4
61 57
50 67
71 71
46 40
69 42
53 2
45 51
4 32
3 44
76 46
75 19
69 66
2 26
41 1
66 24
41 41
9 46
3 1
22 8
25 69
1 15
77 68
63 33
17 20
18 6
21 3
27 51
9 41
