% number of cities:
30
% number of sites:
120
% cities in which respective sites are located:
3
18
22
28
17
10
16
6
20
23
6
5
25
19
11
20
0
14
2
20
6
0
9
0
25
24
2
19
29
16
8
27
5
10
18
16
28
4
26
20
26
12
14
0
4
13
18
3
7
18
13
10
24
22
12
9
15
26
10
25
3
28
12
1
29
28
11
3
14
12
1
3
16
2
9
21
7
20
27
22
28
3
24
11
0
11
5
9
12
25
0
27
16
10
26
16
19
26
7
21
2
21
25
14
17
6
10
26
26
23
8
24
24
3
24
12
12
14
8
12
% airports:
90
63
100
81
44
86
105
76
118
55
33
66
62
45
68
56
95
104
46
96
77
75
53
9
111
59
40
31
61
28
% number of trucks:
60
% locations of trucks:
70
92
58
56
100
27
97
13
38
94
1
74
44
78
65
5
100
86
62
85
41
48
52
9
37
30
21
27
11
91
98
89
40
104
97
75
53
50
77
115
97
9
76
86
63
20
103
98
113
10
101
100
63
28
99
82
119
97
18
32
% number of planes:
60
% locations of planes:
76
45
55
33
100
56
55
62
59
53
81
62
53
118
31
86
33
86
62
59
56
55
77
76
111
40
66
95
56
62
95
62
118
62
95
90
9
96
53
40
62
104
28
118
96
40
100
59
75
66
68
104
76
66
55
61
53
63
56
86
% number of packages:
300
% locations and destinations of packages:
13 93
108 50
20 82
16 42
88 109
48 83
55 64
52 110
37 49
72 112
96 64
97 14
112 118
20 107
9 71
30 86
14 65
93 76
83 68
13 115
89 88
13 97
118 94
13 86
113 47
77 40
54 71
46 69
115 93
58 21
61 28
32 17
78 81
68 110
90 96
27 89
35 76
23 8
50 0
15 18
105 53
114 82
114 110
31 62
19 24
80 109
9 111
53 60
55 116
18 37
25 22
116 17
20 107
4 98
48 37
18 115
78 40
36 8
33 69
23 87
49 6
91 65
15 37
79 44
22 82
72 53
101 98
112 83
56 97
62 6
105 53
14 101
5 85
31 89
75 45
27 105
93 50
107 19
51 51
2 102
27 80
75 86
85 85
13 100
47 72
71 56
7 16
102 116
111 109
59 49
6 110
88 97
55 86
80 50
111 93
31 5
95 79
99 25
97 48
15 40
72 51
41 2
93 90
98 77
68 110
27 61
111 72
96 36
112 97
30 119
4 83
109 73
41 66
81 48
37 76
18 63
93 19
97 75
68 85
3 84
108 2
101 0
66 89
13 22
102 62
33 0
17 16
35 108
61 88
81 26
9 50
40 111
92 83
88 92
95 21
88 26
93 66
10 2
101 108
7 71
52 58
65 94
43 18
46 76
103 108
13 100
3 97
75 58
82 110
28 102
1 41
47 81
94 6
26 71
5 33
7 73
80 9
93 70
104 65
67 73
37 11
108 106
8 107
22 116
111 72
39 111
80 24
70 11
11 103
0 37
112 95
71 69
101 60
20 114
3 4
73 16
42 74
64 110
52 60
73 107
103 29
80 53
114 15
112 55
59 82
59 1
65 30
81 62
60 38
5 67
86 28
113 106
119 22
69 6
79 80
78 70
30 13
54 82
15 17
75 85
67 84
54 40
65 71
71 11
112 2
49 13
54 5
20 74
35 93
53 91
66 106
95 98
3 108
91 51
96 118
47 42
83 40
119 2
93 73
41 47
71 57
13 77
30 65
15 24
113 99
47 41
84 104
18 81
108 76
37 76
100 19
35 114
74 7
50 14
6 17
101 82
51 5
20 8
92 18
68 58
92 67
58 117
71 5
77 98
21 37
14 17
35 85
67 51
22 19
2 23
14 1
18 95
118 85
109 79
84 9
109 90
8 99
103 33
80 38
43 69
49 71
113 88
3 83
46 86
57 88
106 73
15 44
43 91
48 83
119 106
16 118
14 11
48 43
9 56
101 34
90 104
96 53
93 62
7 49
92 34
38 23
21 115
23 35
74 83
55 11
104 117
39 56
53 51
57 101
39 79
74 109
104 23
118 2
97 82
71 101
83 119
111 84
67 112
96 19
108 12
