% number of cities:
8
% number of sites:
48
% cities in which respective sites are located:
2
3
5
5
7
0
7
4
4
0
3
4
6
0
4
7
7
3
7
6
0
0
5
7
1
2
1
0
1
0
5
1
4
0
0
4
6
2
7
7
5
6
6
3
6
4
0
2
% airports:
27
28
37
1
32
2
41
18
% number of trucks:
96
% locations of trucks:
13
23
1
23
10
28
26
27
15
15
29
21
27
19
16
18
44
19
2
27
39
23
41
2
42
11
9
35
30
45
9
41
33
22
23
5
44
44
43
45
25
10
1
23
43
14
24
3
20
9
44
17
18
2
41
13
15
43
40
12
20
35
43
12
33
28
30
44
13
33
27
26
27
11
22
9
20
9
47
25
9
34
5
28
35
24
19
2
3
17
28
26
0
40
44
23
% number of planes:
16
% locations of planes:
27
2
1
28
37
32
27
28
2
28
37
18
2
41
32
28
% number of packages:
80
% locations and destinations of packages:
12 3
44 20
11 3
13 23
47 5
11 16
11 6
17 20
15 23
25 3
1 40
3 47
28 2
25 47
30 0
45 18
16 37
39 35
32 31
32 0
19 47
9 10
12 36
45 24
39 39
27 7
12 24
6 19
0 44
40 8
25 13
40 47
7 41
47 21
15 30
36 32
38 24
31 1
31 40
34 39
5 1
8 39
20 37
6 40
30 19
34 35
39 24
22 5
7 9
2 19
37 23
9 9
2 43
16 35
40 5
36 8
9 0
3 24
5 1
26 18
35 7
38 44
43 1
41 14
1 26
42 21
37 15
2 29
40 46
36 25
21 18
0 25
31 26
25 38
21 46
47 5
30 32
31 29
33 13
14 1
