% number of cities:
7
% number of sites:
56
% cities in which respective sites are located:
0
2
6
2
0
5
3
5
1
4
6
6
5
5
4
3
1
3
3
1
2
5
3
4
5
6
6
2
0
1
4
2
4
1
0
1
1
6
1
0
6
0
4
1
3
0
5
5
3
6
1
2
4
1
0
4
% airports:
54
36
27
18
55
12
11
% number of trucks:
112
% locations of trucks:
33
42
17
42
6
20
12
45
5
2
46
50
45
12
43
17
3
10
49
14
47
33
34
20
40
30
17
4
19
34
47
15
44
16
6
31
16
51
53
35
49
28
46
45
33
18
41
1
7
11
15
32
20
21
17
13
46
41
19
21
47
10
53
55
33
30
9
22
13
31
35
41
13
13
52
47
24
7
42
25
27
1
30
33
8
31
45
30
39
53
35
30
46
10
42
4
22
46
2
42
50
2
43
5
37
28
53
29
54
15
36
53
% number of planes:
14
% locations of planes:
12
36
36
55
54
11
55
11
36
54
18
54
27
27
% number of packages:
70
% locations and destinations of packages:
54 26
41 43
36 14
52 52
31 31
45 20
42 5
38 51
36 7
14 50
4 35
21 40
27 52
18 22
12 31
33 52
19 43
21 55
0 42
48 6
17 50
36 40
46 43
10 29
12 13
23 23
46 27
13 19
4 1
16 40
52 29
39 0
53 49
0 55
40 39
50 49
14 7
33 9
54 36
50 40
42 44
10 55
7 9
6 48
29 2
50 54
26 8
10 43
11 36
42 52
42 10
45 28
18 29
8 38
49 3
20 24
7 31
53 8
19 40
48 43
43 8
25 38
45 51
23 6
53 45
53 18
49 53
53 31
54 37
36 33
