% number of cities:
7
% number of sites:
42
% cities in which respective sites are located:
2
0
4
3
1
5
6
1
5
4
0
5
3
4
1
2
1
2
0
2
3
0
5
2
6
1
0
5
0
0
6
6
1
3
5
2
1
1
1
1
0
4
% airports:
28
25
15
20
9
22
6
% number of trucks:
84
% locations of trucks:
15
22
35
13
11
16
5
10
34
25
13
2
6
36
35
37
8
9
11
33
13
33
33
39
24
16
22
6
4
30
24
10
0
17
12
7
0
16
19
25
6
1
29
20
2
5
28
20
11
40
16
14
22
37
38
21
32
29
20
5
9
28
26
16
12
1
41
24
8
34
22
3
4
5
7
6
9
18
27
17
39
17
32
22
% number of planes:
14
% locations of planes:
20
6
28
20
28
9
22
28
22
15
20
22
9
25
% number of packages:
70
% locations and destinations of packages:
41 38
38 33
41 8
20 33
35 38
31 26
12 16
35 11
16 30
35 0
2 25
8 38
11 27
19 28
35 36
9 17
14 10
4 32
20 8
15 15
26 32
4 6
30 16
12 14
11 23
39 35
41 28
4 16
30 41
22 14
31 34
40 40
29 13
12 1
12 3
33 7
15 20
15 11
20 1
8 36
14 4
17 11
39 16
17 28
6 29
1 20
27 1
25 34
34 6
19 17
4 11
1 8
31 31
19 21
12 34
38 29
33 28
0 26
17 28
0 13
37 25
37 25
1 12
22 14
36 23
19 13
23 33
31 3
2 8
22 8
