% number of cities:
8
% number of sites:
64
% cities in which respective sites are located:
5
0
6
7
3
3
4
0
3
3
7
7
4
3
7
3
4
4
3
5
3
0
6
2
2
7
0
2
7
4
6
5
1
3
5
5
5
1
5
0
5
0
7
5
4
1
0
1
7
7
0
5
2
6
5
2
7
2
2
7
3
6
3
2
% airports:
7
47
23
15
12
38
61
3
% number of trucks:
128
% locations of trucks:
14
30
43
12
48
21
12
23
48
23
40
31
59
0
24
20
37
29
15
10
14
10
45
3
44
12
60
26
35
50
45
17
3
43
31
9
17
47
60
18
16
10
19
7
63
37
1
0
1
37
34
57
30
4
20
60
39
44
26
34
15
33
50
62
28
63
23
44
30
19
46
43
51
35
54
26
18
8
56
2
17
19
7
28
46
9
29
26
23
60
27
1
27
9
24
51
13
30
53
28
22
5
59
1
2
13
42
59
27
42
21
46
11
53
46
26
57
44
28
11
47
12
48
45
41
7
6
34
% number of planes:
16
% locations of planes:
7
61
23
7
12
23
38
61
23
7
61
7
47
23
15
15
% number of packages:
80
% locations and destinations of packages:
17 61
11 19
60 17
49 55
47 11
48 13
40 0
33 30
27 49
0 14
5 62
1 53
2 41
63 49
2 0
31 52
43 11
9 26
62 13
11 46
3 27
23 24
31 29
8 16
31 19
39 28
15 13
22 18
59 21
17 18
18 0
52 47
43 60
33 29
54 6
31 13
38 17
10 42
39 41
21 36
32 46
17 46
24 3
37 29
53 55
30 40
59 56
28 3
38 39
44 35
59 43
25 24
52 25
54 61
3 44
43 18
0 44
49 35
46 6
22 40
22 4
39 63
40 55
17 45
53 6
4 63
61 49
40 53
21 57
58 62
12 39
26 9
11 12
40 15
6 56
21 32
16 4
12 55
3 26
48 60
