% number of cities:
8
% number of sites:
32
% cities in which respective sites are located:
1
0
6
1
3
4
1
1
1
7
0
6
1
7
7
6
3
7
2
4
7
3
0
4
5
6
5
3
5
3
1
7
% airports:
10
3
18
16
19
24
25
13
% number of trucks:
64
% locations of trucks:
21
15
18
31
30
29
9
1
24
9
10
3
22
11
25
31
0
31
25
28
9
25
0
21
0
2
0
15
0
14
10
27
17
10
18
24
15
4
13
29
1
10
22
2
4
23
2
5
18
18
18
28
16
25
22
0
28
17
31
29
22
30
20
23
% number of planes:
16
% locations of planes:
10
16
19
25
24
24
24
13
16
13
18
24
18
19
25
10
% number of packages:
80
% locations and destinations of packages:
14 10
14 13
1 20
21 10
18 13
11 12
4 19
24 23
23 22
16 27
11 10
11 30
14 9
27 3
20 22
15 23
4 13
18 31
2 5
29 13
24 5
8 8
9 9
27 26
5 17
31 18
2 29
23 4
30 16
30 24
24 18
22 28
29 19
8 22
1 24
21 17
24 3
3 5
1 3
20 5
14 0
29 2
22 29
20 7
22 13
1 17
7 5
21 6
14 12
10 21
1 4
25 13
28 13
25 31
26 17
3 27
27 24
10 23
20 20
6 0
30 0
0 19
23 3
10 19
14 28
23 21
24 30
4 9
6 16
6 8
3 21
13 4
10 5
21 14
27 29
17 26
5 10
23 0
3 6
22 24
