% number of cities:
7
% number of sites:
42
% cities in which respective sites are located:
1
3
1
4
6
3
5
0
5
0
5
4
6
1
3
5
2
6
0
4
6
1
3
4
2
0
3
2
0
5
6
1
5
5
5
2
2
5
2
5
4
2
% airports:
18
21
38
5
19
29
4
% number of trucks:
84
% locations of trucks:
23
28
22
37
31
34
15
6
4
26
1
4
9
17
19
14
39
41
29
40
38
20
18
34
13
40
33
40
14
25
0
14
24
31
41
31
20
36
14
11
36
7
26
28
10
30
35
0
8
12
4
26
22
7
18
27
38
2
36
6
27
20
38
41
32
2
16
36
9
21
7
34
5
29
15
23
7
37
24
23
30
35
30
25
% number of planes:
14
% locations of planes:
21
29
4
21
29
4
4
29
5
18
21
38
4
4
% number of packages:
70
% locations and destinations of packages:
4 21
24 16
37 40
29 25
30 34
0 29
16 34
28 10
31 15
25 35
38 10
23 40
35 3
21 35
41 9
15 21
25 0
2 5
12 26
31 11
7 22
3 2
6 5
24 7
1 10
12 33
31 5
1 36
40 26
22 33
19 36
25 20
18 20
3 15
32 23
40 5
25 13
28 15
6 21
33 29
21 13
33 31
38 24
32 19
41 7
7 27
3 39
33 12
38 24
25 28
2 8
17 20
12 6
7 18
19 28
30 19
35 35
11 5
2 36
24 36
30 26
16 24
15 12
1 28
21 15
18 24
37 5
27 12
38 13
19 31
