% number of cities:
6
% number of sites:
48
% cities in which respective sites are located:
0
3
5
5
1
0
4
1
1
3
4
2
1
1
0
3
3
4
3
1
5
0
4
4
0
1
4
5
2
0
5
0
5
2
1
0
3
3
1
3
3
1
1
4
4
0
3
3
% airports:
29
19
11
16
43
30
% number of trucks:
96
% locations of trucks:
5
9
22
9
6
17
23
16
32
46
4
25
35
47
28
18
46
25
43
29
28
16
42
2
7
39
17
27
43
46
19
35
27
11
7
32
38
37
32
27
20
1
43
35
8
34
19
3
34
36
34
3
11
32
4
28
18
37
31
45
22
23
22
47
33
9
18
45
37
2
0
10
38
7
38
3
1
23
44
22
30
32
45
18
34
25
19
25
38
6
10
16
29
15
12
25
% number of planes:
12
% locations of planes:
29
29
43
11
30
16
19
30
19
19
16
19
% number of packages:
60
% locations and destinations of packages:
22 18
10 38
46 8
42 30
1 17
27 27
35 43
35 26
25 25
5 33
35 1
47 41
34 7
8 26
7 23
42 29
5 11
9 33
12 41
46 14
37 20
47 37
24 11
33 47
37 30
22 35
7 42
20 20
18 16
4 39
0 16
22 25
23 46
22 24
33 1
13 31
27 38
43 14
2 10
17 22
21 9
37 25
0 6
21 11
38 37
14 44
37 6
14 21
46 21
14 26
37 8
14 35
17 39
8 16
46 6
17 8
47 29
18 38
26 45
24 16
